         * d:\analog_vlsi\mixed_signal_projects\3-bit_adc\3-bit_adc.cir
         Transient Analysis  Wed Mar 30 14:19:52  2022
--------------------------------------------------------------------------------
Index   time            v.x17.v.x1.v1#b v.x17.v.x2.v1#b v.x17.v.x3.v1#b 
--------------------------------------------------------------------------------
0	0.000000e+00	-6.14547e-12	-1.41027e-11	-1.41026e-11	
1	1.000000e-03	-6.14548e-12	-1.41026e-11	-1.41027e-11	
2	2.000000e-03	-6.14548e-12	-1.41027e-11	-1.41027e-11	
3	4.000000e-03	-6.14548e-12	-1.41027e-11	-1.41027e-11	
4	8.000000e-03	-6.14550e-12	-1.41026e-11	-1.41026e-11	
5	1.600000e-02	-6.14545e-12	-1.41028e-11	-1.41027e-11	
6	3.200000e-02	-6.14543e-12	-1.41027e-11	-1.41027e-11	
7	6.400000e-02	-6.14544e-12	-1.41027e-11	-1.41027e-11	
8	1.280000e-01	-6.14553e-12	-6.12440e-12	-6.12440e-12	
9	2.560000e-01	-6.14551e-12	-6.16663e-12	-6.16663e-12	
10	4.560000e-01	-6.14546e-12	-6.12436e-12	-6.12436e-12	
11	6.560000e-01	-6.14546e-12	-6.16658e-12	-6.16658e-12	
12	8.560000e-01	-6.14546e-12	-6.12436e-12	-6.12436e-12	
13	1.056000e+00	-6.14546e-12	-6.16658e-12	-6.16658e-12	
14	1.256000e+00	-6.14546e-12	-6.12436e-12	-6.12436e-12	
15	1.456000e+00	-6.14546e-12	-6.16658e-12	-6.16658e-12	
16	1.656000e+00	-6.14546e-12	-6.12436e-12	-6.12436e-12	
17	1.856000e+00	-6.14546e-12	-6.16658e-12	-6.16658e-12	
18	2.056000e+00	-6.14546e-12	-6.12436e-12	-6.12436e-12	
19	2.256000e+00	-6.14546e-12	-6.16658e-12	-6.16658e-12	
20	2.456000e+00	-6.14546e-12	-6.12436e-12	-6.12436e-12	
21	2.656000e+00	-6.14546e-12	-6.16658e-12	-6.16658e-12	
22	2.856000e+00	-6.14546e-12	-6.12436e-12	-6.12436e-12	
23	3.056000e+00	-6.14546e-12	-6.16658e-12	-6.16658e-12	
24	3.256000e+00	-6.14546e-12	-6.12436e-12	-6.12436e-12	
25	3.456000e+00	-6.14546e-12	-6.16658e-12	-6.16658e-12	
26	3.481000e+00	-6.14546e-12	-6.14549e-12	-6.14549e-12	
27	3.531000e+00	-6.14546e-12	-6.14549e-12	-6.14549e-12	
28	3.631000e+00	-6.14549e-12	-6.14549e-12	-6.14549e-12	
29	3.831000e+00	-6.14546e-12	-6.14551e-12	-6.14551e-12	
30	4.031000e+00	-6.14546e-12	-1.41784e-11	-1.41749e-11	
31	4.231000e+00	-6.14546e-12	-1.40160e-11	-1.40193e-11	
32	4.431000e+00	-6.14546e-12	-1.41896e-11	-1.41860e-11	
33	4.631000e+00	-1.51288e-11	-1.40159e-11	-1.40154e-11	
34	4.831000e+00	-1.49077e-11	-1.41896e-11	-1.41900e-11	
35	5.031000e+00	-1.51228e-11	-1.40160e-11	-1.40154e-11	
36	5.231000e+00	-1.49136e-11	-1.41896e-11	-1.41900e-11	
37	5.256000e+00	-1.50143e-11	-1.41028e-11	-1.41027e-11	
38	5.306000e+00	-1.50178e-11	-1.41028e-11	-1.41028e-11	
39	5.406000e+00	-1.50143e-11	-1.41027e-11	-1.41026e-11	
40	5.606000e+00	-1.50178e-11	-1.41028e-11	-1.41027e-11	
41	5.806000e+00	-1.50144e-11	-1.41027e-11	-1.41028e-11	
42	6.006000e+00	-1.50176e-11	-1.41028e-11	-1.41027e-11	
43	6.206000e+00	-1.50145e-11	-1.41027e-11	-1.41028e-11	
44	6.406000e+00	-1.50175e-11	-1.41027e-11	-1.41027e-11	
45	6.606000e+00	-1.50147e-11	-1.41027e-11	-1.41028e-11	
46	6.806000e+00	-1.50175e-11	-1.41028e-11	-1.41027e-11	
47	7.006000e+00	-1.50146e-11	-1.41027e-11	-1.41028e-11	
48	7.206000e+00	-1.50215e-11	-1.41028e-11	-1.41027e-11	
49	7.406000e+00	-1.50107e-11	-1.41027e-11	-1.41028e-11	
50	7.606000e+00	-6.13874e-12	-1.41027e-11	-1.41067e-11	
51	7.806000e+00	-6.15223e-12	-1.41137e-11	-1.41098e-11	
52	8.006000e+00	-6.13874e-12	-1.40916e-11	-1.40956e-11	
53	8.206000e+00	-6.15223e-12	-6.13879e-12	-6.13879e-12	
54	8.406000e+00	-6.13874e-12	-6.15228e-12	-6.15228e-12	

Index   time            v.x17.v.x1.v1#b v.x17.v.x2.v1#b v.x17.v.x3.v1#b 
--------------------------------------------------------------------------------
55	8.606000e+00	-6.15223e-12	-6.13879e-12	-6.13879e-12	
56	8.806000e+00	-6.13874e-12	-6.15228e-12	-6.15228e-12	
57	9.006000e+00	-6.15223e-12	-6.13879e-12	-6.13879e-12	
58	9.206000e+00	-6.13874e-12	-6.15228e-12	-6.15228e-12	
59	9.406000e+00	-6.15223e-12	-6.13879e-12	-6.13879e-12	
60	9.606000e+00	-6.13874e-12	-6.15228e-12	-6.15228e-12	
61	9.806000e+00	-6.15223e-12	-6.13879e-12	-6.13879e-12	
62	1.000000e+01	-6.13871e-12	-6.15228e-12	-6.15228e-12	

         * d:\analog_vlsi\mixed_signal_projects\3-bit_adc\3-bit_adc.cir
         Transient Analysis  Wed Mar 30 14:19:52  2022
--------------------------------------------------------------------------------
Index   time            v.x17.v.x4.v1#b v.x17.v.x5.v1#b v.x17.v.x6.v.x1 
--------------------------------------------------------------------------------
0	0.000000e+00	-1.41027e-11	-1.41026e-11	-1.95425e-11	
1	1.000000e-03	-1.41027e-11	-1.41027e-11	-1.95426e-11	
2	2.000000e-03	-1.41027e-11	-1.41027e-11	-1.95427e-11	
3	4.000000e-03	-1.41027e-11	-1.41026e-11	-1.95426e-11	
4	8.000000e-03	-1.41026e-11	-1.41025e-11	-1.95425e-11	
5	1.600000e-02	-1.41027e-11	-1.41028e-11	-1.95423e-11	
6	3.200000e-02	-1.41026e-11	-1.41027e-11	-1.95423e-11	
7	6.400000e-02	-1.41027e-11	-1.41025e-11	-1.95426e-11	
8	1.280000e-01	-1.40551e-11	-1.40551e-11	-1.95426e-11	
9	2.560000e-01	-1.41502e-11	-1.41502e-11	-1.95427e-11	
10	4.560000e-01	-6.13877e-12	-1.40664e-11	-1.95425e-11	
11	6.560000e-01	-6.15231e-12	-1.41390e-11	-1.95426e-11	
12	8.560000e-01	-6.13877e-12	-6.13882e-12	-1.95426e-11	
13	1.056000e+00	-6.15231e-12	-6.15226e-12	-1.95426e-11	
14	1.256000e+00	-6.13877e-12	-6.13882e-12	-1.95427e-11	
15	1.456000e+00	-6.15231e-12	-6.15226e-12	-1.95425e-11	
16	1.656000e+00	-6.13877e-12	-6.13882e-12	-1.95426e-11	
17	1.856000e+00	-6.15231e-12	-6.15226e-12	-1.95426e-11	
18	2.056000e+00	-6.13877e-12	-6.13882e-12	-1.95425e-11	
19	2.256000e+00	-6.15231e-12	-6.15226e-12	-1.95425e-11	
20	2.456000e+00	-6.13877e-12	-6.13882e-12	-1.95426e-11	
21	2.656000e+00	-6.15231e-12	-6.15226e-12	-1.95428e-11	
22	2.856000e+00	-6.13877e-12	-6.13882e-12	-1.95425e-11	
23	3.056000e+00	-6.15231e-12	-6.15226e-12	-1.95426e-11	
24	3.256000e+00	-6.13877e-12	-6.13882e-12	-1.95426e-11	
25	3.456000e+00	-6.15231e-12	-1.43095e-11	-1.95425e-11	
26	3.481000e+00	-6.14546e-12	-1.41027e-11	-1.95425e-11	
27	3.531000e+00	-6.14546e-12	-1.41027e-11	-1.95426e-11	
28	3.631000e+00	-1.42202e-11	-1.40802e-11	-1.95424e-11	
29	3.831000e+00	-1.39853e-11	-1.41252e-11	-1.95425e-11	
30	4.031000e+00	-1.42355e-11	-1.40955e-11	-1.95426e-11	
31	4.231000e+00	-1.39588e-11	-1.40988e-11	-1.95426e-11	
32	4.431000e+00	-1.42466e-11	-1.41067e-11	-1.95425e-11	
33	4.631000e+00	-1.39549e-11	-1.40987e-11	-2.64361e-11	
34	4.831000e+00	-1.42506e-11	-1.41067e-11	-2.63514e-11	
35	5.031000e+00	-1.39549e-11	-1.40987e-11	-2.12273e-11	
36	5.231000e+00	-1.42506e-11	-1.41066e-11	-2.11002e-11	
37	5.256000e+00	-1.41028e-11	-1.41028e-11	-2.11596e-11	
38	5.306000e+00	-1.41028e-11	-1.41028e-11	-2.11633e-11	
39	5.406000e+00	-1.41027e-11	-1.41027e-11	-2.11597e-11	
40	5.606000e+00	-1.41028e-11	-1.41027e-11	-2.11634e-11	
41	5.806000e+00	-1.41028e-11	-1.41027e-11	-2.11600e-11	
42	6.006000e+00	-1.41027e-11	-1.41028e-11	-2.11633e-11	
43	6.206000e+00	-1.41027e-11	-1.41027e-11	-2.11600e-11	
44	6.406000e+00	-1.41027e-11	-1.41027e-11	-2.11633e-11	
45	6.606000e+00	-1.41027e-11	-1.41027e-11	-2.11601e-11	
46	6.806000e+00	-1.41027e-11	-1.41027e-11	-2.11633e-11	
47	7.006000e+00	-1.41027e-11	-1.41027e-11	-2.11601e-11	
48	7.206000e+00	-1.41027e-11	-1.41028e-11	-2.64363e-11	
49	7.406000e+00	-1.41028e-11	-1.41027e-11	-2.63514e-11	
50	7.606000e+00	-1.41067e-11	-1.41027e-11	-1.95458e-11	
51	7.806000e+00	-1.41100e-11	-1.41139e-11	-1.95394e-11	
52	8.006000e+00	-1.40955e-11	-1.40915e-11	-1.95458e-11	
53	8.206000e+00	-1.40947e-11	-1.40988e-11	-1.95394e-11	
54	8.406000e+00	-6.13877e-12	-1.41179e-11	-1.95458e-11	

Index   time            v.x17.v.x4.v1#b v.x17.v.x5.v1#b v.x17.v.x6.v.x1 
--------------------------------------------------------------------------------
55	8.606000e+00	-6.15231e-12	-1.40875e-11	-1.95392e-11	
56	8.806000e+00	-6.13877e-12	-6.13882e-12	-1.95459e-11	
57	9.006000e+00	-6.15231e-12	-6.15226e-12	-1.95393e-11	
58	9.206000e+00	-6.13877e-12	-6.13882e-12	-1.95459e-11	
59	9.406000e+00	-6.15231e-12	-6.15226e-12	-1.95393e-11	
60	9.606000e+00	-6.13877e-12	-6.13882e-12	-1.95459e-11	
61	9.806000e+00	-6.15231e-12	-6.15226e-12	-1.95393e-11	
62	1.000000e+01	-6.13871e-12	-6.13879e-12	-1.95457e-11	

         * d:\analog_vlsi\mixed_signal_projects\3-bit_adc\3-bit_adc.cir
         Transient Analysis  Wed Mar 30 14:19:52  2022
--------------------------------------------------------------------------------
Index   time            v.x17.v.x6.v.x2 v.x17.v.x6.v.x3 v.x17.v.x7.v1#b 
--------------------------------------------------------------------------------
0	0.000000e+00	-2.63935e-11	-2.02480e-11	-3.25391e-11	
1	1.000000e-03	-2.63936e-11	-2.02481e-11	-3.25393e-11	
2	2.000000e-03	-2.63936e-11	-2.02482e-11	-3.25393e-11	
3	4.000000e-03	-2.63937e-11	-2.02481e-11	-3.25393e-11	
4	8.000000e-03	-2.63936e-11	-2.02481e-11	-3.25392e-11	
5	1.600000e-02	-2.63936e-11	-2.02479e-11	-3.25391e-11	
6	3.200000e-02	-2.63936e-11	-2.02479e-11	-3.25392e-11	
7	6.400000e-02	-2.63934e-11	-2.02482e-11	-3.25390e-11	
8	1.280000e-01	-2.03934e-11	-8.80545e-12	-1.97221e-11	
9	2.560000e-01	-2.01029e-11	-8.70429e-12	-1.93633e-11	
10	4.560000e-01	-2.03935e-11	-8.80566e-12	-1.97220e-11	
11	6.560000e-01	-2.01029e-11	-8.70422e-12	-1.93633e-11	
12	8.560000e-01	-8.92615e-12	-8.80561e-12	-8.94404e-12	
13	1.056000e+00	-8.58362e-12	-8.70419e-12	-8.56628e-12	
14	1.256000e+00	-8.92612e-12	-8.80564e-12	-8.94401e-12	
15	1.456000e+00	-8.58362e-12	-8.70413e-12	-8.56637e-12	
16	1.656000e+00	-8.92623e-12	-8.80555e-12	-8.94406e-12	
17	1.856000e+00	-8.58356e-12	-8.70422e-12	-8.56637e-12	
18	2.056000e+00	-8.92629e-12	-8.80561e-12	-8.94404e-12	
19	2.256000e+00	-8.58356e-12	-8.70436e-12	-8.56631e-12	
20	2.456000e+00	-8.92612e-12	-8.80550e-12	-8.94406e-12	
21	2.656000e+00	-8.58354e-12	-8.70430e-12	-8.56623e-12	
22	2.856000e+00	-8.92632e-12	-8.80555e-12	-8.94390e-12	
23	3.056000e+00	-8.58367e-12	-8.70433e-12	-8.56639e-12	
24	3.256000e+00	-8.92626e-12	-8.80536e-12	-8.94398e-12	
25	3.456000e+00	-2.00768e-11	-8.70422e-12	-1.93174e-11	
26	3.481000e+00	-2.02481e-11	-8.75470e-12	-1.95426e-11	
27	3.531000e+00	-2.02482e-11	-8.75487e-12	-1.95426e-11	
28	3.631000e+00	-2.02479e-11	-8.75491e-12	-1.95423e-11	
29	3.831000e+00	-2.02481e-11	-8.75512e-12	-1.95427e-11	
30	4.031000e+00	-2.64301e-11	-2.02351e-11	-3.25816e-11	
31	4.231000e+00	-2.63572e-11	-2.02611e-11	-1.94651e-11	
32	4.431000e+00	-2.64301e-11	-2.02351e-11	-1.92139e-11	
33	4.631000e+00	-2.63612e-11	-2.64385e-11	-1.94651e-11	
34	4.831000e+00	-2.64262e-11	-2.63489e-11	-1.92138e-11	
35	5.031000e+00	-2.63572e-11	-2.02613e-11	-1.94650e-11	
36	5.231000e+00	-2.64301e-11	-2.02351e-11	-1.92140e-11	
37	5.256000e+00	-2.63938e-11	-2.02481e-11	-1.93393e-11	
38	5.306000e+00	-2.63939e-11	-2.02481e-11	-1.93394e-11	
39	5.406000e+00	-2.63934e-11	-2.02479e-11	-1.93391e-11	
40	5.606000e+00	-2.63936e-11	-2.02481e-11	-1.93397e-11	
41	5.806000e+00	-2.63936e-11	-2.02481e-11	-1.93396e-11	
42	6.006000e+00	-2.63937e-11	-2.02482e-11	-1.93396e-11	
43	6.206000e+00	-2.63937e-11	-2.02481e-11	-1.93397e-11	
44	6.406000e+00	-2.63937e-11	-2.02481e-11	-1.93397e-11	
45	6.606000e+00	-2.63937e-11	-2.02481e-11	-1.93394e-11	
46	6.806000e+00	-2.63937e-11	-2.02481e-11	-1.93396e-11	
47	7.006000e+00	-2.63936e-11	-2.02482e-11	-1.93395e-11	
48	7.206000e+00	-2.63976e-11	-2.64359e-11	-1.93395e-11	
49	7.406000e+00	-2.63896e-11	-2.63513e-11	-1.93398e-11	
50	7.606000e+00	-2.63936e-11	-2.02482e-11	-1.93395e-11	
51	7.806000e+00	-2.63936e-11	-2.02481e-11	-3.25816e-11	
52	8.006000e+00	-2.63936e-11	-2.02481e-11	-3.24966e-11	
53	8.206000e+00	-2.02947e-11	-8.77102e-12	-1.95447e-11	
54	8.406000e+00	-2.02016e-11	-8.73880e-12	-1.95407e-11	

Index   time            v.x17.v.x6.v.x2 v.x17.v.x6.v.x3 v.x17.v.x7.v1#b 
--------------------------------------------------------------------------------
55	8.606000e+00	-2.02946e-11	-8.77108e-12	-1.95448e-11	
56	8.806000e+00	-8.72154e-12	-8.73877e-12	-8.76712e-12	
57	9.006000e+00	-8.78826e-12	-8.77105e-12	-8.74303e-12	
58	9.206000e+00	-8.72176e-12	-8.73875e-12	-8.76720e-12	
59	9.406000e+00	-8.78846e-12	-8.77116e-12	-8.74317e-12	
60	9.606000e+00	-8.72176e-12	-8.73877e-12	-8.76734e-12	
61	9.806000e+00	-8.78851e-12	-8.77108e-12	-8.74311e-12	
62	1.000000e+01	-8.72143e-12	-8.73894e-12	-8.76643e-12	

         * d:\analog_vlsi\mixed_signal_projects\3-bit_adc\3-bit_adc.cir
         Transient Analysis  Wed Mar 30 14:19:52  2022
--------------------------------------------------------------------------------
Index   time            v.x17.v.x8.v1#b v.x17.v.x9.v1#b v.x17.v.x10.v1# 
--------------------------------------------------------------------------------
0	0.000000e+00	-1.95425e-11	-3.25392e-11	-3.25391e-11	
1	1.000000e-03	-1.95427e-11	-3.25392e-11	-3.25393e-11	
2	2.000000e-03	-1.95426e-11	-3.25393e-11	-3.25393e-11	
3	4.000000e-03	-1.95425e-11	-3.25392e-11	-3.25393e-11	
4	8.000000e-03	-1.95426e-11	-3.25391e-11	-3.25391e-11	
5	1.600000e-02	-1.95423e-11	-3.25390e-11	-3.25392e-11	
6	3.200000e-02	-1.95425e-11	-3.25391e-11	-3.25392e-11	
7	6.400000e-02	-1.95426e-11	-3.25389e-11	-3.25391e-11	
8	1.280000e-01	-1.95424e-11	-1.97221e-11	-1.97221e-11	
9	2.560000e-01	-1.95426e-11	-1.93632e-11	-1.93634e-11	
10	4.560000e-01	-2.64360e-11	-8.95489e-12	-8.94390e-12	
11	6.560000e-01	-2.63514e-11	-8.54239e-12	-8.56614e-12	
12	8.560000e-01	-2.02502e-11	-8.95481e-12	-8.94406e-12	
13	1.056000e+00	-2.02460e-11	-8.54247e-12	-8.56620e-12	
14	1.256000e+00	-2.02502e-11	-8.95475e-12	-8.94401e-12	
15	1.456000e+00	-2.02460e-11	-8.54244e-12	-8.56634e-12	
16	1.656000e+00	-2.02502e-11	-8.95492e-12	-8.94401e-12	
17	1.856000e+00	-2.02460e-11	-8.54241e-12	-8.56623e-12	
18	2.056000e+00	-2.02502e-11	-8.95497e-12	-8.94398e-12	
19	2.256000e+00	-2.02460e-11	-8.54250e-12	-8.56631e-12	
20	2.456000e+00	-2.02502e-11	-8.95486e-12	-8.94426e-12	
21	2.656000e+00	-2.02460e-11	-8.54236e-12	-8.56631e-12	
22	2.856000e+00	-2.02502e-11	-8.95492e-12	-8.94406e-12	
23	3.056000e+00	-2.02460e-11	-8.54239e-12	-8.56639e-12	
24	3.256000e+00	-2.02502e-11	-8.95472e-12	-8.94409e-12	
25	3.456000e+00	-2.64318e-11	-8.54250e-12	-8.56639e-12	
26	3.481000e+00	-2.63939e-11	-8.74820e-12	-8.75480e-12	
27	3.531000e+00	-2.63939e-11	-8.74820e-12	-8.75480e-12	
28	3.631000e+00	-1.96493e-11	-1.95161e-11	-1.95007e-11	
29	3.831000e+00	-1.94356e-11	-1.95658e-11	-1.95699e-11	
30	4.031000e+00	-1.96493e-11	-3.25647e-11	-3.25690e-11	
31	4.231000e+00	-1.94356e-11	-3.25168e-11	-1.94923e-11	
32	4.431000e+00	-1.96494e-11	-3.25615e-11	-1.91869e-11	
33	4.631000e+00	-1.94358e-11	-2.13501e-11	-1.94921e-11	
34	4.831000e+00	-1.96494e-11	-2.09777e-11	-1.91869e-11	
35	5.031000e+00	-1.94356e-11	-2.13481e-11	-1.94922e-11	
36	5.231000e+00	-1.96494e-11	-2.09795e-11	-1.91867e-11	
37	5.256000e+00	-1.95424e-11	-2.11598e-11	-1.93394e-11	
38	5.306000e+00	-1.95424e-11	-2.11634e-11	-1.93394e-11	
39	5.406000e+00	-1.95422e-11	-2.11596e-11	-1.93393e-11	
40	5.606000e+00	-1.95425e-11	-2.11634e-11	-1.93397e-11	
41	5.806000e+00	-1.95425e-11	-2.11601e-11	-1.93395e-11	
42	6.006000e+00	-1.95424e-11	-2.11633e-11	-1.93398e-11	
43	6.206000e+00	-1.95425e-11	-2.11602e-11	-1.93397e-11	
44	6.406000e+00	-1.95424e-11	-2.11632e-11	-1.93396e-11	
45	6.606000e+00	-1.95424e-11	-2.11601e-11	-1.93395e-11	
46	6.806000e+00	-1.95425e-11	-2.11631e-11	-1.93396e-11	
47	7.006000e+00	-1.95424e-11	-2.11602e-11	-1.93396e-11	
48	7.206000e+00	-1.95425e-11	-2.11631e-11	-1.93396e-11	
49	7.406000e+00	-1.95423e-11	-2.11602e-11	-1.93396e-11	
50	7.606000e+00	-1.95425e-11	-3.25815e-11	-1.93396e-11	
51	7.806000e+00	-1.95424e-11	-3.24935e-11	-3.25527e-11	
52	8.006000e+00	-1.95423e-11	-3.25847e-11	-3.25256e-11	
53	8.206000e+00	-1.95425e-11	-1.96542e-11	-1.95449e-11	
54	8.406000e+00	-2.64360e-11	-8.64991e-12	-8.76709e-12	

Index   time            v.x17.v.x8.v1#b v.x17.v.x9.v1#b v.x17.v.x10.v1# 
--------------------------------------------------------------------------------
55	8.606000e+00	-2.63514e-11	-8.84725e-12	-8.74300e-12	
56	8.806000e+00	-2.02504e-11	-8.65005e-12	-8.76695e-12	
57	9.006000e+00	-2.02459e-11	-8.84717e-12	-8.74311e-12	
58	9.206000e+00	-2.02503e-11	-8.64988e-12	-8.76709e-12	
59	9.406000e+00	-2.02460e-11	-8.84720e-12	-8.74311e-12	
60	9.606000e+00	-2.02502e-11	-8.65002e-12	-8.76707e-12	
61	9.806000e+00	-2.02460e-11	-8.84711e-12	-8.74306e-12	
62	1.000000e+01	-2.02502e-11	-8.64947e-12	-8.76651e-12	

         * d:\analog_vlsi\mixed_signal_projects\3-bit_adc\3-bit_adc.cir
         Transient Analysis  Wed Mar 30 14:19:52  2022
--------------------------------------------------------------------------------
Index   time            v.x17.v.x11.v.x v.x17.v.x11.v.x v.x17.v.x11.v.x 
--------------------------------------------------------------------------------
0	0.000000e+00	-6.14548e-12	-2.82051e-11	-1.41027e-11	
1	1.000000e-03	-6.14557e-12	-2.82053e-11	-1.41027e-11	
2	2.000000e-03	-6.14560e-12	-2.82053e-11	-1.41026e-11	
3	4.000000e-03	-6.14554e-12	-2.82053e-11	-1.41026e-11	
4	8.000000e-03	-6.14555e-12	-2.82055e-11	-1.41026e-11	
5	1.600000e-02	-6.14549e-12	-2.82053e-11	-1.41026e-11	
6	3.200000e-02	-6.14558e-12	-2.82052e-11	-1.41024e-11	
7	6.400000e-02	-6.14554e-12	-2.82052e-11	-1.41026e-11	
8	1.280000e-01	-2.83658e-11	-2.82177e-11	-1.22700e-11	
9	2.560000e-01	-2.80446e-11	-2.81926e-11	-1.23120e-11	
10	4.560000e-01	-2.83546e-11	-5.87341e-12	-1.33356e-11	
11	6.560000e-01	-2.80558e-11	-5.88759e-12	-1.34586e-11	
12	8.560000e-01	-2.83660e-11	-2.82179e-11	-1.22699e-11	
13	1.056000e+00	-2.80448e-11	-2.81928e-11	-1.23121e-11	
14	1.256000e+00	-2.83546e-11	-6.13873e-12	-1.33357e-11	
15	1.456000e+00	-2.80559e-11	-6.15225e-12	-1.34585e-11	
16	1.656000e+00	-2.83546e-11	-6.13873e-12	-1.33356e-11	
17	1.856000e+00	-2.80558e-11	-6.15236e-12	-1.34586e-11	
18	2.056000e+00	-2.83545e-11	-6.13876e-12	-1.33357e-11	
19	2.256000e+00	-2.80559e-11	-6.15233e-12	-1.34584e-11	
20	2.456000e+00	-2.83546e-11	-6.13870e-12	-1.33357e-11	
21	2.656000e+00	-2.80559e-11	-6.15233e-12	-1.34585e-11	
22	2.856000e+00	-2.83546e-11	-6.13879e-12	-1.33356e-11	
23	3.056000e+00	-2.80673e-11	-2.82956e-11	-1.22986e-11	
24	3.256000e+00	-2.83435e-11	-2.81151e-11	-1.22834e-11	
25	3.456000e+00	-2.80559e-11	-5.87373e-12	-1.34584e-11	
26	3.481000e+00	-2.82053e-11	-5.88028e-12	-1.33971e-11	
27	3.531000e+00	-2.82054e-11	-5.88050e-12	-1.33970e-11	
28	3.631000e+00	-2.82277e-11	-2.83333e-11	-1.22774e-11	
29	3.831000e+00	-2.81827e-11	-2.80774e-11	-1.23045e-11	
30	4.031000e+00	-6.13884e-12	-2.83292e-11	-1.40802e-11	
31	4.231000e+00	-2.82857e-11	-2.80853e-11	-1.22910e-11	
32	4.431000e+00	-2.81250e-11	-2.83255e-11	-1.22910e-11	
33	4.631000e+00	-5.87373e-12	-2.80814e-11	-1.38790e-11	
34	4.831000e+00	-5.88729e-12	-2.83293e-11	-1.40803e-11	
35	5.031000e+00	-2.82858e-11	-2.80854e-11	-1.22911e-11	
36	5.231000e+00	-2.81250e-11	-2.83253e-11	-1.22910e-11	
37	5.256000e+00	-2.82052e-11	-2.82053e-11	-1.22910e-11	
38	5.306000e+00	-2.82053e-11	-2.82053e-11	-1.22910e-11	
39	5.406000e+00	-2.82052e-11	-2.82053e-11	-1.22909e-11	
40	5.606000e+00	-2.82053e-11	-2.82053e-11	-1.22910e-11	
41	5.806000e+00	-2.82053e-11	-2.82052e-11	-1.22910e-11	
42	6.006000e+00	-2.82052e-11	-2.82053e-11	-1.22910e-11	
43	6.206000e+00	-2.82053e-11	-2.82054e-11	-1.22910e-11	
44	6.406000e+00	-2.82053e-11	-2.82054e-11	-1.22910e-11	
45	6.606000e+00	-2.82054e-11	-2.82054e-11	-1.22910e-11	
46	6.806000e+00	-2.82053e-11	-2.82055e-11	-1.22910e-11	
47	7.006000e+00	-2.82054e-11	-2.82052e-11	-1.22910e-11	
48	7.206000e+00	-5.87335e-12	-2.82014e-11	-1.41294e-11	
49	7.406000e+00	-5.88761e-12	-2.82093e-11	-1.40761e-11	
50	7.606000e+00	-2.82053e-11	-2.82053e-11	-1.22910e-11	
51	7.806000e+00	-6.13870e-12	-2.82012e-11	-1.41294e-11	
52	8.006000e+00	-6.15228e-12	-2.82093e-11	-1.40760e-11	
53	8.206000e+00	-2.82054e-11	-2.82053e-11	-1.22910e-11	
54	8.406000e+00	-2.81941e-11	-5.87341e-12	-1.34306e-11	

Index   time            v.x17.v.x11.v.x v.x17.v.x11.v.x v.x17.v.x11.v.x 
--------------------------------------------------------------------------------
55	8.606000e+00	-2.82164e-11	-5.88762e-12	-1.33634e-11	
56	8.806000e+00	-2.82053e-11	-2.82053e-11	-1.22910e-11	
57	9.006000e+00	-2.82054e-11	-2.82053e-11	-1.22910e-11	
58	9.206000e+00	-2.81940e-11	-6.13873e-12	-1.34197e-11	
59	9.406000e+00	-2.82165e-11	-6.15230e-12	-1.33634e-11	
60	9.606000e+00	-2.81941e-11	-6.13870e-12	-1.34307e-11	
61	9.806000e+00	-2.82166e-11	-6.15225e-12	-1.33635e-11	
62	1.000000e+01	-2.81939e-11	-6.13862e-12	-1.34306e-11	

         * d:\analog_vlsi\mixed_signal_projects\3-bit_adc\3-bit_adc.cir
         Transient Analysis  Wed Mar 30 14:19:52  2022
--------------------------------------------------------------------------------
Index   time            v.x17.v.x12.v.x v.x17.v.x12.v.x v.x17.v.x12.v.x 
--------------------------------------------------------------------------------
0	0.000000e+00	-1.55433e-12	-2.82051e-11	-1.41026e-11	
1	1.000000e-03	-1.55437e-12	-2.82053e-11	-1.41027e-11	
2	2.000000e-03	-1.55443e-12	-2.82053e-11	-1.41027e-11	
3	4.000000e-03	-1.55443e-12	-2.82053e-11	-1.41027e-11	
4	8.000000e-03	-1.55433e-12	-2.82053e-11	-1.41027e-11	
5	1.600000e-02	-1.55432e-12	-2.82053e-11	-1.41026e-11	
6	3.200000e-02	-1.55432e-12	-2.82052e-11	-1.41025e-11	
7	6.400000e-02	-1.55428e-12	-2.82052e-11	-1.41025e-11	
8	1.280000e-01	-2.84221e-11	-2.82176e-11	-1.22700e-11	
9	2.560000e-01	-2.79882e-11	-2.81926e-11	-1.23120e-11	
10	4.560000e-01	-2.84223e-11	-2.82178e-11	-1.22699e-11	
11	6.560000e-01	-2.79883e-11	-2.81930e-11	-1.23121e-11	
12	8.560000e-01	-2.84109e-11	-5.87343e-12	-1.33357e-11	
13	1.056000e+00	-2.79996e-11	-5.88764e-12	-1.34584e-11	
14	1.256000e+00	-2.84109e-11	-1.53782e-12	-1.33357e-11	
15	1.456000e+00	-2.79997e-11	-1.57113e-12	-1.34586e-11	
16	1.656000e+00	-2.84109e-11	-1.53787e-12	-1.33358e-11	
17	1.856000e+00	-2.79996e-11	-1.57114e-12	-1.34584e-11	
18	2.056000e+00	-2.84109e-11	-1.53795e-12	-1.33357e-11	
19	2.256000e+00	-2.79996e-11	-1.57107e-12	-1.34583e-11	
20	2.456000e+00	-2.84109e-11	-1.53799e-12	-1.33357e-11	
21	2.656000e+00	-2.79996e-11	-1.57096e-12	-1.34585e-11	
22	2.856000e+00	-2.84109e-11	-1.53803e-12	-1.33357e-11	
23	3.056000e+00	-2.79996e-11	-5.88748e-12	-1.34584e-11	
24	3.256000e+00	-2.84110e-11	-5.87357e-12	-1.33357e-11	
25	3.456000e+00	-2.80111e-11	-2.83312e-11	-1.22986e-11	
26	3.481000e+00	-2.82054e-11	-2.82053e-11	-1.22910e-11	
27	3.531000e+00	-2.82053e-11	-2.82053e-11	-1.22910e-11	
28	3.631000e+00	-2.82052e-11	-2.82053e-11	-1.22909e-11	
29	3.831000e+00	-2.82054e-11	-2.82054e-11	-1.22910e-11	
30	4.031000e+00	-1.53775e-12	-2.82013e-11	-1.41294e-11	
31	4.231000e+00	-5.88742e-12	-2.82092e-11	-1.40759e-11	
32	4.431000e+00	-5.87348e-12	-2.82014e-11	-1.41294e-11	
33	4.631000e+00	-2.83442e-11	-2.82132e-11	-1.22776e-11	
34	4.831000e+00	-2.80665e-11	-2.81974e-11	-1.23045e-11	
35	5.031000e+00	-2.83441e-11	-2.82132e-11	-1.22776e-11	
36	5.231000e+00	-2.80666e-11	-2.81974e-11	-1.23045e-11	
37	5.256000e+00	-2.82053e-11	-2.82052e-11	-1.22910e-11	
38	5.306000e+00	-2.82053e-11	-2.82054e-11	-1.22910e-11	
39	5.406000e+00	-2.82052e-11	-2.82053e-11	-1.22909e-11	
40	5.606000e+00	-2.82053e-11	-2.82054e-11	-1.22910e-11	
41	5.806000e+00	-2.82053e-11	-2.82053e-11	-1.22910e-11	
42	6.006000e+00	-2.82054e-11	-2.82055e-11	-1.22910e-11	
43	6.206000e+00	-2.82053e-11	-2.82053e-11	-1.22910e-11	
44	6.406000e+00	-2.82054e-11	-2.82054e-11	-1.22910e-11	
45	6.606000e+00	-2.82053e-11	-2.82053e-11	-1.22910e-11	
46	6.806000e+00	-2.82054e-11	-2.82054e-11	-1.22910e-11	
47	7.006000e+00	-2.82053e-11	-2.82053e-11	-1.22910e-11	
48	7.206000e+00	-2.82054e-11	-2.82054e-11	-1.22910e-11	
49	7.406000e+00	-2.82052e-11	-2.82053e-11	-1.22910e-11	
50	7.606000e+00	-5.87341e-12	-2.82013e-11	-1.41293e-11	
51	7.806000e+00	-1.57401e-12	-2.82093e-11	-1.40759e-11	
52	8.006000e+00	-1.53479e-12	-2.82013e-11	-1.41294e-11	
53	8.206000e+00	-2.83334e-11	-2.82133e-11	-1.22776e-11	
54	8.406000e+00	-2.80774e-11	-2.81973e-11	-1.23045e-11	

Index   time            v.x17.v.x12.v.x v.x17.v.x12.v.x v.x17.v.x12.v.x 
--------------------------------------------------------------------------------
55	8.606000e+00	-2.83334e-11	-2.82132e-11	-1.22776e-11	
56	8.806000e+00	-2.80660e-11	-5.87343e-12	-1.34915e-11	
57	9.006000e+00	-2.83445e-11	-5.88764e-12	-1.33025e-11	
58	9.206000e+00	-2.80660e-11	-1.53780e-12	-1.34916e-11	
59	9.406000e+00	-2.83446e-11	-1.57115e-12	-1.33025e-11	
60	9.606000e+00	-2.80660e-11	-1.53786e-12	-1.34915e-11	
61	9.806000e+00	-2.83445e-11	-1.57106e-12	-1.33025e-11	
62	1.000000e+01	-2.80658e-11	-1.53781e-12	-1.34914e-11	

         * d:\analog_vlsi\mixed_signal_projects\3-bit_adc\3-bit_adc.cir
         Transient Analysis  Wed Mar 30 14:19:52  2022
--------------------------------------------------------------------------------
Index   time            v.x17.v.x13.v.x v.x17.v.x13.v.x v.x17.v.x13.v.x 
--------------------------------------------------------------------------------
0	0.000000e+00	-2.82052e-11	-2.82051e-11	-1.22910e-11	
1	1.000000e-03	-2.82053e-11	-2.82053e-11	-1.22910e-11	
2	2.000000e-03	-2.82053e-11	-2.82053e-11	-1.22910e-11	
3	4.000000e-03	-2.82053e-11	-2.82052e-11	-1.22910e-11	
4	8.000000e-03	-2.82054e-11	-2.82053e-11	-1.22911e-11	
5	1.600000e-02	-2.82052e-11	-2.82053e-11	-1.22910e-11	
6	3.200000e-02	-2.82052e-11	-2.82052e-11	-1.22910e-11	
7	6.400000e-02	-2.82052e-11	-2.82053e-11	-1.22910e-11	
8	1.280000e-01	-5.85831e-12	-2.81928e-11	-1.41861e-11	
9	2.560000e-01	-5.90276e-12	-2.82176e-11	-1.40195e-11	
10	4.560000e-01	-1.49932e-12	-2.81929e-11	-1.41861e-11	
11	6.560000e-01	-1.60983e-12	-2.82177e-11	-1.40193e-11	
12	8.560000e-01	-1.49951e-12	-5.87343e-12	-2.71891e-12	
13	1.056000e+00	-1.60964e-12	-5.88764e-12	-2.49992e-12	
14	1.256000e+00	-1.49970e-12	-1.53775e-12	-2.71902e-12	
15	1.456000e+00	-1.60938e-12	-1.57110e-12	-2.49981e-12	
16	1.656000e+00	-1.49989e-12	-1.53784e-12	-2.71902e-12	
17	1.856000e+00	-1.60920e-12	-1.57105e-12	-2.49986e-12	
18	2.056000e+00	-1.50016e-12	-1.53787e-12	-2.71891e-12	
19	2.256000e+00	-1.60890e-12	-1.57104e-12	-2.49989e-12	
20	2.456000e+00	-1.50035e-12	-1.53799e-12	-2.71894e-12	
21	2.656000e+00	-1.60865e-12	-1.57098e-12	-2.49989e-12	
22	2.856000e+00	-1.50058e-12	-1.53806e-12	-2.71888e-12	
23	3.056000e+00	-1.60851e-12	-5.88748e-12	-2.49998e-12	
24	3.256000e+00	-1.50077e-12	-5.87349e-12	-2.71897e-12	
25	3.456000e+00	-1.60832e-12	-2.83441e-11	-1.39932e-11	
26	3.481000e+00	-1.55458e-12	-2.82052e-11	-1.41026e-11	
27	3.531000e+00	-1.55415e-12	-2.82053e-11	-1.41026e-11	
28	3.631000e+00	-5.88048e-12	-2.82053e-11	-1.41025e-11	
29	3.831000e+00	-5.88058e-12	-2.82054e-11	-1.41027e-11	
30	4.031000e+00	-2.82804e-11	-2.82092e-11	-1.22842e-11	
31	4.231000e+00	-2.81302e-11	-2.82013e-11	-1.22977e-11	
32	4.431000e+00	-2.82804e-11	-2.82092e-11	-1.22842e-11	
33	4.631000e+00	-2.81303e-11	-2.82013e-11	-1.22977e-11	
34	4.831000e+00	-2.82804e-11	-2.82093e-11	-1.22842e-11	
35	5.031000e+00	-2.81303e-11	-2.82014e-11	-1.22977e-11	
36	5.231000e+00	-2.82804e-11	-2.82093e-11	-1.22842e-11	
37	5.256000e+00	-2.82054e-11	-2.82052e-11	-1.22910e-11	
38	5.306000e+00	-2.82053e-11	-2.82054e-11	-1.22910e-11	
39	5.406000e+00	-2.82052e-11	-2.82052e-11	-1.22909e-11	
40	5.606000e+00	-2.82054e-11	-2.82053e-11	-1.22910e-11	
41	5.806000e+00	-2.82054e-11	-2.82053e-11	-1.22910e-11	
42	6.006000e+00	-2.82053e-11	-2.82054e-11	-1.22910e-11	
43	6.206000e+00	-2.82053e-11	-2.82053e-11	-1.22910e-11	
44	6.406000e+00	-2.82053e-11	-2.82053e-11	-1.22910e-11	
45	6.606000e+00	-2.82054e-11	-2.82053e-11	-1.22910e-11	
46	6.806000e+00	-2.82053e-11	-2.82053e-11	-1.22910e-11	
47	7.006000e+00	-2.82053e-11	-2.82053e-11	-1.22910e-11	
48	7.206000e+00	-2.82053e-11	-2.82053e-11	-1.22910e-11	
49	7.406000e+00	-2.82054e-11	-2.82054e-11	-1.22910e-11	
50	7.606000e+00	-2.82054e-11	-2.82053e-11	-1.22910e-11	
51	7.806000e+00	-2.82053e-11	-2.82054e-11	-1.22910e-11	
52	8.006000e+00	-2.82052e-11	-2.82055e-11	-1.22910e-11	
53	8.206000e+00	-5.87341e-12	-2.82014e-11	-1.41294e-11	
54	8.406000e+00	-1.57415e-12	-2.82092e-11	-1.40760e-11	

Index   time            v.x17.v.x13.v.x v.x17.v.x13.v.x v.x17.v.x13.v.x 
--------------------------------------------------------------------------------
55	8.606000e+00	-1.53489e-12	-2.82013e-11	-1.41295e-11	
56	8.806000e+00	-1.57405e-12	-5.87343e-12	-2.59582e-12	
57	9.006000e+00	-1.53497e-12	-5.88764e-12	-2.62304e-12	
58	9.206000e+00	-1.57396e-12	-1.53783e-12	-2.59570e-12	
59	9.406000e+00	-1.53499e-12	-1.57120e-12	-2.62296e-12	
60	9.606000e+00	-1.57391e-12	-1.53782e-12	-2.59576e-12	
61	9.806000e+00	-1.53510e-12	-1.57108e-12	-2.62299e-12	
62	1.000000e+01	-1.57374e-12	-1.53782e-12	-2.59573e-12	

         * d:\analog_vlsi\mixed_signal_projects\3-bit_adc\3-bit_adc.cir
         Transient Analysis  Wed Mar 30 14:19:52  2022
--------------------------------------------------------------------------------
Index   time            v1#branch       v2#branch       
--------------------------------------------------------------------------------
0	0.000000e+00	-2.26079e-03	0.000000e+00	
1	1.000000e-03	-2.26079e-03	-2.02301e-15	
2	2.000000e-03	-2.26079e-03	-2.02411e-15	
3	4.000000e-03	-2.26079e-03	-2.03269e-15	
4	8.000000e-03	-2.26079e-03	-2.05760e-15	
5	1.600000e-02	-2.26079e-03	-2.14782e-15	
6	3.200000e-02	-2.26079e-03	-2.83853e-15	
7	6.400000e-02	-2.26085e-03	-2.88680e-15	
8	1.280000e-01	-2.26448e-03	-2.27550e-15	
9	2.560000e-01	-2.26448e-03	-1.86612e-15	
10	4.560000e-01	-2.26476e-03	-2.88535e-15	
11	6.560000e-01	-2.26558e-03	-1.38665e-15	
12	8.560000e-01	-2.26476e-03	-2.58688e-15	
13	1.056000e+00	-2.27561e-03	-1.46167e-15	
14	1.256000e+00	-2.26476e-03	-1.52917e-15	
15	1.456000e+00	-2.26476e-03	-6.65348e-16	
16	1.656000e+00	-2.26476e-03	-8.05888e-16	
17	1.856000e+00	-2.26476e-03	-5.93481e-18	
18	2.056000e+00	-2.26476e-03	-1.41600e-16	
19	2.256000e+00	-2.26476e-03	6.627758e-16	
20	2.456000e+00	-2.26476e-03	5.164711e-16	
21	2.656000e+00	-2.26476e-03	1.354839e-15	
22	2.856000e+00	-2.26480e-03	1.080973e-15	
23	3.056000e+00	-2.26476e-03	3.011617e-15	
24	3.256000e+00	-2.26478e-03	4.262164e-16	
25	3.456000e+00	-2.26476e-03	4.233538e-15	
26	3.481000e+00	-2.26476e-03	1.999347e-15	
27	3.531000e+00	-2.26476e-03	1.882132e-15	
28	3.631000e+00	-2.26659e-03	2.472268e-15	
29	3.831000e+00	-2.26448e-03	2.182485e-15	
30	4.031000e+00	-2.26079e-03	2.546433e-15	
31	4.231000e+00	-2.25000e-03	1.982996e-15	
32	4.431000e+00	-2.25000e-03	2.271021e-15	
33	4.631000e+00	-2.25693e-03	1.991248e-15	
34	4.831000e+00	-2.25629e-03	1.712145e-15	
35	5.031000e+00	-2.26385e-03	1.740673e-15	
36	5.231000e+00	-2.26260e-03	1.096668e-15	
37	5.256000e+00	-2.26319e-03	1.306982e-15	
38	5.306000e+00	-2.27129e-03	1.431461e-15	
39	5.406000e+00	-2.26869e-03	7.805230e-16	
40	5.606000e+00	-2.27109e-03	9.204140e-16	
41	5.806000e+00	-2.26871e-03	1.151941e-16	
42	6.006000e+00	-2.27105e-03	2.206313e-16	
43	6.206000e+00	-2.26875e-03	-5.99159e-16	
44	6.406000e+00	-2.27101e-03	-4.77376e-16	
45	6.606000e+00	-2.26880e-03	-1.26275e-15	
46	6.806000e+00	-2.26323e-03	-1.22546e-15	
47	7.006000e+00	-2.26320e-03	-1.67974e-15	
48	7.206000e+00	-2.25661e-03	-1.90011e-15	
49	7.406000e+00	-2.25660e-03	-1.79837e-15	
50	7.606000e+00	-2.25000e-03	-2.56254e-15	
51	7.806000e+00	-2.26111e-03	-1.94852e-15	
52	8.006000e+00	-2.26079e-03	-2.28207e-15	
53	8.206000e+00	-2.26448e-03	-2.48046e-15	
54	8.406000e+00	-2.26493e-03	-2.38026e-15	

Index   time            v1#branch       v2#branch       
--------------------------------------------------------------------------------
55	8.606000e+00	-2.26476e-03	-1.53344e-15	
56	8.806000e+00	-2.26476e-03	-2.90413e-15	
57	9.006000e+00	-2.26591e-03	-9.07856e-16	
58	9.206000e+00	-2.26476e-03	-2.56171e-15	
59	9.406000e+00	-2.26476e-03	2.365597e-16	
60	9.606000e+00	-2.26476e-03	-1.87793e-15	
61	9.806000e+00	-2.26476e-03	8.999727e-16	
62	1.000000e+01	-2.26476e-03	-1.22275e-15	
