        * d:\analog_vlsi\mixed_signal_projects\buffer_sub\buffer_sub.cir
        Transient Analysis  Wed Mar 30 14:39:58  2022
--------------------------------------------------------------------------------
Index   time            in              net-_m2-pad1_   out             
--------------------------------------------------------------------------------
0	0.000000e+00	0.000000e+00	1.800000e+00	2.705739e-03	
1	1.000000e-08	1.000000e-03	1.800000e+00	2.705546e-03	
2	2.000000e-08	2.000000e-03	1.800000e+00	2.705354e-03	
3	4.000000e-08	4.000000e-03	1.800000e+00	2.704975e-03	
4	8.000000e-08	8.000000e-03	1.800000e+00	2.704257e-03	
5	1.600000e-07	1.600000e-02	1.800000e+00	2.702996e-03	
6	3.200000e-07	3.200000e-02	1.800000e+00	2.701403e-03	
7	6.400000e-07	6.400000e-02	1.800000e+00	2.704820e-03	
8	1.000000e-06	1.000000e-01	1.800000e+00	2.730998e-03	
9	1.064000e-06	1.000000e-01	1.800000e+00	2.739816e-03	
10	1.192000e-06	1.000000e-01	1.800000e+00	2.757529e-03	
11	1.448000e-06	1.000000e-01	1.800000e+00	2.793472e-03	
12	1.960000e-06	1.000000e-01	1.800000e+00	2.866230e-03	
13	2.984000e-06	1.000000e-01	1.800000e+00	3.015299e-03	
14	5.032000e-06	1.000000e-01	1.800000e+00	3.328237e-03	
15	9.128000e-06	1.000000e-01	1.800000e+00	4.018691e-03	
16	1.732000e-05	1.000000e-01	1.800000e+00	5.714736e-03	
17	3.370400e-05	1.000000e-01	1.800000e+00	1.115025e-02	
18	6.647200e-05	1.000000e-01	1.800000e+00	7.056029e-02	
19	1.320080e-04	1.000000e-01	1.800000e+00	1.312446e+00	
20	2.630800e-04	1.000000e-01	1.800000e+00	1.799993e+00	
21	5.170863e-04	1.000000e-01	1.800000e+00	1.799999e+00	
22	1.025099e-03	1.000000e-01	1.800000e+00	1.799999e+00	
23	2.041124e-03	1.000000e-01	1.800000e+00	1.799999e+00	
24	4.073175e-03	1.000000e-01	1.800000e+00	1.799999e+00	
25	8.137275e-03	1.000000e-01	1.800000e+00	1.799999e+00	
26	1.626548e-02	1.000000e-01	1.800000e+00	1.799999e+00	
27	3.252188e-02	1.000000e-01	1.800000e+00	1.799999e+00	
28	6.503469e-02	1.000000e-01	1.800000e+00	1.799999e+00	
29	1.300603e-01	1.000000e-01	1.800000e+00	1.799999e+00	
30	2.601115e-01	1.000000e-01	1.800000e+00	1.799999e+00	
31	4.601115e-01	1.000000e-01	1.800000e+00	1.799999e+00	
32	6.601115e-01	1.000000e-01	1.800000e+00	1.799999e+00	
33	8.601115e-01	1.000000e-01	1.800000e+00	1.799999e+00	
34	1.000001e+00	1.000000e-01	1.800000e+00	1.799999e+00	
35	1.000001e+00	9.000000e-02	1.800000e+00	1.799999e+00	
36	1.000001e+00	7.000000e-02	1.800000e+00	1.799999e+00	
37	1.000002e+00	3.000000e-02	1.800000e+00	1.799999e+00	
38	1.000002e+00	0.000000e+00	1.800000e+00	1.799999e+00	
39	1.000002e+00	0.000000e+00	1.800000e+00	1.799999e+00	
40	1.000002e+00	0.000000e+00	1.800000e+00	1.799999e+00	
41	1.000003e+00	0.000000e+00	1.800000e+00	1.799999e+00	
42	1.000003e+00	0.000000e+00	1.800000e+00	1.799999e+00	
43	1.000004e+00	0.000000e+00	1.800000e+00	1.799999e+00	
44	1.000007e+00	0.000000e+00	1.800000e+00	1.799999e+00	
45	1.000012e+00	0.000000e+00	1.800000e+00	1.799999e+00	
46	1.000022e+00	0.000000e+00	1.800000e+00	1.799998e+00	
47	1.000043e+00	0.000000e+00	1.800000e+00	1.799995e+00	
48	1.000084e+00	0.000000e+00	1.800000e+00	1.799974e+00	
49	1.000166e+00	0.000000e+00	1.800000e+00	1.799521e+00	
50	1.000330e+00	0.000000e+00	1.800000e+00	1.766532e+00	
51	1.000657e+00	0.000000e+00	1.800000e+00	1.280853e+00	
52	1.001313e+00	0.000000e+00	1.800000e+00	4.695970e-02	
53	1.002623e+00	0.000000e+00	1.800000e+00	3.648630e-03	
54	1.005245e+00	0.000000e+00	1.800000e+00	2.512552e-03	

Index   time            in              net-_m2-pad1_   out             
--------------------------------------------------------------------------------
55	1.010488e+00	0.000000e+00	1.800000e+00	2.809156e-03	
56	1.020973e+00	0.000000e+00	1.800000e+00	2.630299e-03	
57	1.041945e+00	0.000000e+00	1.800000e+00	2.771746e-03	
58	1.083888e+00	0.000000e+00	1.800000e+00	2.645653e-03	
59	1.167774e+00	0.000000e+00	1.800000e+00	2.764544e-03	
60	1.335546e+00	0.000000e+00	1.800000e+00	2.649025e-03	
61	1.535546e+00	0.000000e+00	1.800000e+00	2.762468e-03	
62	1.735546e+00	0.000000e+00	1.800000e+00	2.650881e-03	
63	1.935546e+00	0.000000e+00	1.800000e+00	2.760680e-03	
64	2.000000e+00	0.000000e+00	1.800000e+00	2.651289e-03	
65	2.000000e+00	1.000000e-02	1.800000e+00	2.652540e-03	
66	2.000000e+00	3.000000e-02	1.800000e+00	2.650196e-03	
67	2.000001e+00	7.000000e-02	1.800000e+00	2.656152e-03	
68	2.000001e+00	1.000000e-01	1.800000e+00	2.679234e-03	
69	2.000001e+00	1.000000e-01	1.800000e+00	2.689977e-03	
70	2.000001e+00	1.000000e-01	1.800000e+00	2.711765e-03	
71	2.000002e+00	1.000000e-01	1.800000e+00	2.756278e-03	
72	2.000002e+00	1.000000e-01	1.800000e+00	2.846655e-03	
73	2.000003e+00	1.000000e-01	1.800000e+00	3.032945e-03	
74	2.000006e+00	1.000000e-01	1.800000e+00	3.428825e-03	
75	2.000011e+00	1.000000e-01	1.800000e+00	4.324745e-03	
76	2.000021e+00	1.000000e-01	1.800000e+00	6.658334e-03	
77	2.000042e+00	1.000000e-01	1.800000e+00	1.557053e-02	
78	2.000083e+00	1.000000e-01	1.800000e+00	3.556473e-01	
79	2.000165e+00	1.000000e-01	1.800000e+00	1.690937e+00	
80	2.000329e+00	1.000000e-01	1.800000e+00	1.800000e+00	
81	2.000656e+00	1.000000e-01	1.800000e+00	1.799999e+00	
82	2.001312e+00	1.000000e-01	1.800000e+00	1.800000e+00	
83	2.002622e+00	1.000000e-01	1.800000e+00	1.799999e+00	
84	2.005244e+00	1.000000e-01	1.800000e+00	1.800000e+00	
85	2.010487e+00	1.000000e-01	1.800000e+00	1.799999e+00	
86	2.020972e+00	1.000000e-01	1.800000e+00	1.800000e+00	
87	2.041944e+00	1.000000e-01	1.800000e+00	1.799999e+00	
88	2.083887e+00	1.000000e-01	1.800000e+00	1.800000e+00	
89	2.167773e+00	1.000000e-01	1.800000e+00	1.799999e+00	
90	2.335545e+00	1.000000e-01	1.800000e+00	1.800000e+00	
91	2.535545e+00	1.000000e-01	1.800000e+00	1.799999e+00	
92	2.735545e+00	1.000000e-01	1.800000e+00	1.800000e+00	
93	2.935545e+00	1.000000e-01	1.800000e+00	1.799999e+00	
94	3.000001e+00	1.000000e-01	1.800000e+00	1.800000e+00	
95	3.000001e+00	9.000000e-02	1.800000e+00	1.799999e+00	
96	3.000001e+00	7.000000e-02	1.800000e+00	1.799999e+00	
97	3.000002e+00	3.000000e-02	1.800000e+00	1.799999e+00	
98	3.000002e+00	0.000000e+00	1.800000e+00	1.799999e+00	
99	3.000002e+00	0.000000e+00	1.800000e+00	1.799999e+00	
100	3.000002e+00	0.000000e+00	1.800000e+00	1.799999e+00	
101	3.000003e+00	0.000000e+00	1.800000e+00	1.799999e+00	
102	3.000003e+00	0.000000e+00	1.800000e+00	1.799999e+00	
103	3.000004e+00	0.000000e+00	1.800000e+00	1.799999e+00	
104	3.000007e+00	0.000000e+00	1.800000e+00	1.799999e+00	
105	3.000012e+00	0.000000e+00	1.800000e+00	1.799999e+00	
106	3.000022e+00	0.000000e+00	1.800000e+00	1.799999e+00	
107	3.000043e+00	0.000000e+00	1.800000e+00	1.799997e+00	
108	3.000084e+00	0.000000e+00	1.800000e+00	1.799983e+00	
109	3.000166e+00	0.000000e+00	1.800000e+00	1.799665e+00	
110	3.000330e+00	0.000000e+00	1.800000e+00	1.772504e+00	
111	3.000657e+00	0.000000e+00	1.800000e+00	1.301833e+00	
112	3.001313e+00	0.000000e+00	1.800000e+00	4.963040e-02	

Index   time            in              net-_m2-pad1_   out             
--------------------------------------------------------------------------------
113	3.002623e+00	0.000000e+00	1.800000e+00	3.664290e-03	
114	3.005245e+00	0.000000e+00	1.800000e+00	2.509588e-03	
115	3.010488e+00	0.000000e+00	1.800000e+00	2.810538e-03	
116	3.020973e+00	0.000000e+00	1.800000e+00	2.629210e-03	
117	3.041945e+00	0.000000e+00	1.800000e+00	2.772716e-03	
118	3.083888e+00	0.000000e+00	1.800000e+00	2.644823e-03	
119	3.167774e+00	0.000000e+00	1.800000e+00	2.765400e-03	
120	3.335546e+00	0.000000e+00	1.800000e+00	2.648202e-03	
121	3.535546e+00	0.000000e+00	1.800000e+00	2.763331e-03	
122	3.735546e+00	0.000000e+00	1.800000e+00	2.650096e-03	
123	3.935546e+00	0.000000e+00	1.800000e+00	2.761471e-03	
124	4.000000e+00	0.000000e+00	1.800000e+00	2.650491e-03	
125	4.000000e+00	1.000000e-02	1.800000e+00	2.651827e-03	
126	4.000000e+00	3.000000e-02	1.800000e+00	2.649484e-03	
127	4.000001e+00	7.000000e-02	1.800000e+00	2.655439e-03	
128	4.000001e+00	1.000000e-01	1.800000e+00	2.678518e-03	
129	4.000001e+00	1.000000e-01	1.800000e+00	2.689259e-03	
130	4.000001e+00	1.000000e-01	1.800000e+00	2.711044e-03	
131	4.000002e+00	1.000000e-01	1.800000e+00	2.755550e-03	
132	4.000002e+00	1.000000e-01	1.800000e+00	2.845912e-03	
133	4.000003e+00	1.000000e-01	1.800000e+00	3.032172e-03	
134	4.000006e+00	1.000000e-01	1.800000e+00	3.427986e-03	
135	4.000011e+00	1.000000e-01	1.800000e+00	4.323755e-03	
136	4.000021e+00	1.000000e-01	1.800000e+00	6.656921e-03	
137	4.000042e+00	1.000000e-01	1.800000e+00	1.556694e-02	
138	4.000083e+00	1.000000e-01	1.800000e+00	3.555396e-01	
139	4.000165e+00	1.000000e-01	1.800000e+00	1.690899e+00	
140	4.000329e+00	1.000000e-01	1.800000e+00	1.800000e+00	
141	4.000656e+00	1.000000e-01	1.800000e+00	1.799999e+00	
142	4.001312e+00	1.000000e-01	1.800000e+00	1.800000e+00	
143	4.002622e+00	1.000000e-01	1.800000e+00	1.799999e+00	
144	4.005244e+00	1.000000e-01	1.800000e+00	1.800000e+00	
145	4.010487e+00	1.000000e-01	1.800000e+00	1.799999e+00	
146	4.020972e+00	1.000000e-01	1.800000e+00	1.800000e+00	
147	4.041944e+00	1.000000e-01	1.800000e+00	1.799999e+00	
148	4.083887e+00	1.000000e-01	1.800000e+00	1.800000e+00	
149	4.167773e+00	1.000000e-01	1.800000e+00	1.799999e+00	
150	4.335545e+00	1.000000e-01	1.800000e+00	1.800000e+00	
151	4.535545e+00	1.000000e-01	1.800000e+00	1.799999e+00	
152	4.735545e+00	1.000000e-01	1.800000e+00	1.800000e+00	
153	4.935545e+00	1.000000e-01	1.800000e+00	1.799999e+00	
154	5.000001e+00	1.000000e-01	1.800000e+00	1.800000e+00	
155	5.000001e+00	9.000000e-02	1.800000e+00	1.799999e+00	
156	5.000001e+00	7.000000e-02	1.800000e+00	1.799999e+00	
157	5.000002e+00	3.000000e-02	1.800000e+00	1.799999e+00	
158	5.000002e+00	0.000000e+00	1.800000e+00	1.799999e+00	
159	5.000002e+00	0.000000e+00	1.800000e+00	1.799999e+00	
160	5.000002e+00	0.000000e+00	1.800000e+00	1.799999e+00	
161	5.000003e+00	0.000000e+00	1.800000e+00	1.799999e+00	
162	5.000003e+00	0.000000e+00	1.800000e+00	1.799999e+00	
163	5.000004e+00	0.000000e+00	1.800000e+00	1.799999e+00	
164	5.000007e+00	0.000000e+00	1.800000e+00	1.799999e+00	
165	5.000012e+00	0.000000e+00	1.800000e+00	1.799999e+00	
166	5.000022e+00	0.000000e+00	1.800000e+00	1.799999e+00	
167	5.000043e+00	0.000000e+00	1.800000e+00	1.799997e+00	
168	5.000084e+00	0.000000e+00	1.800000e+00	1.799983e+00	
169	5.000166e+00	0.000000e+00	1.800000e+00	1.799665e+00	
170	5.000330e+00	0.000000e+00	1.800000e+00	1.772504e+00	

Index   time            in              net-_m2-pad1_   out             
--------------------------------------------------------------------------------
171	5.000657e+00	0.000000e+00	1.800000e+00	1.301833e+00	
172	5.001313e+00	0.000000e+00	1.800000e+00	4.963033e-02	
173	5.002623e+00	0.000000e+00	1.800000e+00	3.664289e-03	
174	5.005245e+00	0.000000e+00	1.800000e+00	2.509588e-03	
175	5.010488e+00	0.000000e+00	1.800000e+00	2.810538e-03	
176	5.020973e+00	0.000000e+00	1.800000e+00	2.629210e-03	
177	5.041945e+00	0.000000e+00	1.800000e+00	2.772716e-03	
178	5.083888e+00	0.000000e+00	1.800000e+00	2.644823e-03	
179	5.167774e+00	0.000000e+00	1.800000e+00	2.765400e-03	
180	5.335546e+00	0.000000e+00	1.800000e+00	2.648202e-03	
181	5.535546e+00	0.000000e+00	1.800000e+00	2.763331e-03	
182	5.735546e+00	0.000000e+00	1.800000e+00	2.650096e-03	
183	5.935546e+00	0.000000e+00	1.800000e+00	2.761471e-03	
184	6.000000e+00	0.000000e+00	1.800000e+00	2.650491e-03	
185	6.000000e+00	1.000000e-02	1.800000e+00	2.651827e-03	
186	6.000000e+00	3.000000e-02	1.800000e+00	2.649484e-03	
187	6.000001e+00	7.000000e-02	1.800000e+00	2.655440e-03	
188	6.000001e+00	1.000000e-01	1.800000e+00	2.678518e-03	
189	6.000001e+00	1.000000e-01	1.800000e+00	2.689259e-03	
190	6.000001e+00	1.000000e-01	1.800000e+00	2.711044e-03	
191	6.000002e+00	1.000000e-01	1.800000e+00	2.755550e-03	
192	6.000002e+00	1.000000e-01	1.800000e+00	2.845912e-03	
193	6.000003e+00	1.000000e-01	1.800000e+00	3.032172e-03	
194	6.000006e+00	1.000000e-01	1.800000e+00	3.427986e-03	
195	6.000011e+00	1.000000e-01	1.800000e+00	4.323756e-03	
196	6.000021e+00	1.000000e-01	1.800000e+00	6.656921e-03	
197	6.000042e+00	1.000000e-01	1.800000e+00	1.556694e-02	
198	6.000083e+00	1.000000e-01	1.800000e+00	3.555396e-01	
199	6.000165e+00	1.000000e-01	1.800000e+00	1.690899e+00	
200	6.000329e+00	1.000000e-01	1.800000e+00	1.800000e+00	
201	6.000656e+00	1.000000e-01	1.800000e+00	1.799999e+00	
202	6.001312e+00	1.000000e-01	1.800000e+00	1.800000e+00	
203	6.002622e+00	1.000000e-01	1.800000e+00	1.799999e+00	
204	6.005244e+00	1.000000e-01	1.800000e+00	1.800000e+00	
205	6.010487e+00	1.000000e-01	1.800000e+00	1.799999e+00	
206	6.020972e+00	1.000000e-01	1.800000e+00	1.800000e+00	
207	6.041944e+00	1.000000e-01	1.800000e+00	1.799999e+00	
208	6.083887e+00	1.000000e-01	1.800000e+00	1.800000e+00	
209	6.167773e+00	1.000000e-01	1.800000e+00	1.799999e+00	
210	6.335545e+00	1.000000e-01	1.800000e+00	1.800000e+00	
211	6.535545e+00	1.000000e-01	1.800000e+00	1.799999e+00	
212	6.735545e+00	1.000000e-01	1.800000e+00	1.800000e+00	
213	6.935545e+00	1.000000e-01	1.800000e+00	1.799999e+00	
214	7.000001e+00	1.000000e-01	1.800000e+00	1.800000e+00	
215	7.000001e+00	9.000000e-02	1.800000e+00	1.799999e+00	
216	7.000001e+00	7.000000e-02	1.800000e+00	1.799999e+00	
217	7.000002e+00	3.000000e-02	1.800000e+00	1.799999e+00	
218	7.000002e+00	0.000000e+00	1.800000e+00	1.799999e+00	
219	7.000002e+00	0.000000e+00	1.800000e+00	1.799999e+00	
220	7.000002e+00	0.000000e+00	1.800000e+00	1.799999e+00	
221	7.000003e+00	0.000000e+00	1.800000e+00	1.799999e+00	
222	7.000003e+00	0.000000e+00	1.800000e+00	1.799999e+00	
223	7.000004e+00	0.000000e+00	1.800000e+00	1.799999e+00	
224	7.000007e+00	0.000000e+00	1.800000e+00	1.799999e+00	
225	7.000012e+00	0.000000e+00	1.800000e+00	1.799999e+00	
226	7.000022e+00	0.000000e+00	1.800000e+00	1.799999e+00	
227	7.000043e+00	0.000000e+00	1.800000e+00	1.799997e+00	
228	7.000084e+00	0.000000e+00	1.800000e+00	1.799983e+00	

Index   time            in              net-_m2-pad1_   out             
--------------------------------------------------------------------------------
229	7.000166e+00	0.000000e+00	1.800000e+00	1.799665e+00	
230	7.000330e+00	0.000000e+00	1.800000e+00	1.772504e+00	
231	7.000657e+00	0.000000e+00	1.800000e+00	1.301833e+00	
232	7.001313e+00	0.000000e+00	1.800000e+00	4.963031e-02	
233	7.002623e+00	0.000000e+00	1.800000e+00	3.664288e-03	
234	7.005245e+00	0.000000e+00	1.800000e+00	2.509588e-03	
235	7.010488e+00	0.000000e+00	1.800000e+00	2.810538e-03	
236	7.020973e+00	0.000000e+00	1.800000e+00	2.629210e-03	
237	7.041945e+00	0.000000e+00	1.800000e+00	2.772716e-03	
238	7.083888e+00	0.000000e+00	1.800000e+00	2.644823e-03	
239	7.167774e+00	0.000000e+00	1.800000e+00	2.765400e-03	
240	7.335546e+00	0.000000e+00	1.800000e+00	2.648202e-03	
241	7.535546e+00	0.000000e+00	1.800000e+00	2.763331e-03	
242	7.735546e+00	0.000000e+00	1.800000e+00	2.650096e-03	
243	7.935546e+00	0.000000e+00	1.800000e+00	2.761471e-03	
244	8.000000e+00	0.000000e+00	1.800000e+00	2.650491e-03	
245	8.000000e+00	1.000000e-02	1.800000e+00	2.651827e-03	
246	8.000000e+00	3.000000e-02	1.800000e+00	2.649484e-03	
247	8.000001e+00	7.000000e-02	1.800000e+00	2.655440e-03	
248	8.000001e+00	1.000000e-01	1.800000e+00	2.678518e-03	
249	8.000001e+00	1.000000e-01	1.800000e+00	2.689259e-03	
250	8.000001e+00	1.000000e-01	1.800000e+00	2.711044e-03	
251	8.000002e+00	1.000000e-01	1.800000e+00	2.755550e-03	
252	8.000002e+00	1.000000e-01	1.800000e+00	2.845912e-03	
253	8.000003e+00	1.000000e-01	1.800000e+00	3.032172e-03	
254	8.000006e+00	1.000000e-01	1.800000e+00	3.427986e-03	
255	8.000011e+00	1.000000e-01	1.800000e+00	4.323755e-03	
256	8.000021e+00	1.000000e-01	1.800000e+00	6.656921e-03	
257	8.000042e+00	1.000000e-01	1.800000e+00	1.556694e-02	
258	8.000083e+00	1.000000e-01	1.800000e+00	3.555396e-01	
259	8.000165e+00	1.000000e-01	1.800000e+00	1.690899e+00	
260	8.000329e+00	1.000000e-01	1.800000e+00	1.800000e+00	
261	8.000656e+00	1.000000e-01	1.800000e+00	1.799999e+00	
262	8.001312e+00	1.000000e-01	1.800000e+00	1.800000e+00	
263	8.002622e+00	1.000000e-01	1.800000e+00	1.799999e+00	
264	8.005244e+00	1.000000e-01	1.800000e+00	1.800000e+00	
265	8.010487e+00	1.000000e-01	1.800000e+00	1.799999e+00	
266	8.020972e+00	1.000000e-01	1.800000e+00	1.800000e+00	
267	8.041944e+00	1.000000e-01	1.800000e+00	1.799999e+00	
268	8.083887e+00	1.000000e-01	1.800000e+00	1.800000e+00	
269	8.167773e+00	1.000000e-01	1.800000e+00	1.799999e+00	
270	8.335545e+00	1.000000e-01	1.800000e+00	1.800000e+00	
271	8.535545e+00	1.000000e-01	1.800000e+00	1.799999e+00	
272	8.735545e+00	1.000000e-01	1.800000e+00	1.800000e+00	
273	8.935545e+00	1.000000e-01	1.800000e+00	1.799999e+00	
274	9.000001e+00	1.000000e-01	1.800000e+00	1.800000e+00	
275	9.000001e+00	9.000000e-02	1.800000e+00	1.799999e+00	
276	9.000001e+00	7.000000e-02	1.800000e+00	1.799999e+00	
277	9.000002e+00	3.000000e-02	1.800000e+00	1.799999e+00	
278	9.000002e+00	1.414535e-10	1.800000e+00	1.799999e+00	
279	9.000002e+00	0.000000e+00	1.800000e+00	1.799999e+00	
280	9.000002e+00	0.000000e+00	1.800000e+00	1.799999e+00	
281	9.000003e+00	0.000000e+00	1.800000e+00	1.799999e+00	
282	9.000003e+00	0.000000e+00	1.800000e+00	1.799999e+00	
283	9.000004e+00	0.000000e+00	1.800000e+00	1.799999e+00	
284	9.000007e+00	0.000000e+00	1.800000e+00	1.799999e+00	
285	9.000012e+00	0.000000e+00	1.800000e+00	1.799999e+00	
286	9.000022e+00	0.000000e+00	1.800000e+00	1.799999e+00	

Index   time            in              net-_m2-pad1_   out             
--------------------------------------------------------------------------------
287	9.000043e+00	0.000000e+00	1.800000e+00	1.799997e+00	
288	9.000084e+00	0.000000e+00	1.800000e+00	1.799983e+00	
289	9.000166e+00	0.000000e+00	1.800000e+00	1.799665e+00	
290	9.000330e+00	0.000000e+00	1.800000e+00	1.772504e+00	
291	9.000657e+00	0.000000e+00	1.800000e+00	1.301833e+00	
292	9.001313e+00	0.000000e+00	1.800000e+00	4.963032e-02	
293	9.002623e+00	0.000000e+00	1.800000e+00	3.664288e-03	
294	9.005245e+00	0.000000e+00	1.800000e+00	2.509588e-03	
295	9.010488e+00	0.000000e+00	1.800000e+00	2.810538e-03	
296	9.020973e+00	0.000000e+00	1.800000e+00	2.629210e-03	
297	9.041945e+00	0.000000e+00	1.800000e+00	2.772716e-03	
298	9.083888e+00	0.000000e+00	1.800000e+00	2.644823e-03	
299	9.167774e+00	0.000000e+00	1.800000e+00	2.765400e-03	
300	9.335546e+00	0.000000e+00	1.800000e+00	2.648202e-03	
301	9.535546e+00	0.000000e+00	1.800000e+00	2.763331e-03	
302	9.735546e+00	0.000000e+00	1.800000e+00	2.650096e-03	
303	9.935546e+00	0.000000e+00	1.800000e+00	2.761471e-03	
304	1.000000e+01	0.000000e+00	1.800000e+00	2.650491e-03	

        * d:\analog_vlsi\mixed_signal_projects\buffer_sub\buffer_sub.cir
        Transient Analysis  Wed Mar 30 14:39:58  2022
--------------------------------------------------------------------------------
Index   time            out1            
--------------------------------------------------------------------------------
0	0.000000e+00	1.021806e+00	
1	1.000000e-08	1.021818e+00	
2	2.000000e-08	1.021829e+00	
3	4.000000e-08	1.021851e+00	
4	8.000000e-08	1.021892e+00	
5	1.600000e-07	1.021965e+00	
6	3.200000e-07	1.022057e+00	
7	6.400000e-07	1.021859e+00	
8	1.000000e-06	1.020348e+00	
9	1.064000e-06	1.019846e+00	
10	1.192000e-06	1.018836e+00	
11	1.448000e-06	1.016800e+00	
12	1.960000e-06	1.012743e+00	
13	2.984000e-06	1.004680e+00	
14	5.032000e-06	9.887640e-01	
15	9.128000e-06	9.577396e-01	
16	1.732000e-05	8.987414e-01	
17	3.370400e-05	7.918053e-01	
18	6.647200e-05	6.216897e-01	
19	1.320080e-04	5.621140e-01	
20	2.630800e-04	1.164750e-01	
21	5.170863e-04	1.970941e-04	
22	1.025099e-03	4.155655e-02	
23	2.041124e-03	1.648551e-03	
24	4.073175e-03	3.848848e-02	
25	8.137275e-03	1.982563e-03	
26	1.626548e-02	3.782840e-02	
27	3.252188e-02	2.063918e-03	
28	6.503469e-02	3.766877e-02	
29	1.300603e-01	2.084057e-03	
30	2.601115e-01	3.762920e-02	
31	4.601115e-01	2.088930e-03	
32	6.601115e-01	3.759405e-02	
33	8.601115e-01	2.095360e-03	
34	1.000001e+00	3.758971e-02	
35	1.000001e+00	3.736672e-02	
36	1.000001e+00	3.702296e-02	
37	1.000002e+00	3.675056e-02	
38	1.000002e+00	3.675057e-02	
39	1.000002e+00	3.688625e-02	
40	1.000002e+00	3.715711e-02	
41	1.000003e+00	3.769750e-02	
42	1.000003e+00	3.877615e-02	
43	1.000004e+00	4.092540e-02	
44	1.000007e+00	4.519419e-02	
45	1.000012e+00	5.362912e-02	
46	1.000022e+00	7.016948e-02	
47	1.000043e+00	1.022219e-01	
48	1.000084e+00	1.629511e-01	
49	1.000166e+00	2.726450e-01	
50	1.000330e+00	4.424443e-01	
51	1.000657e+00	5.643389e-01	
52	1.001313e+00	6.416571e-01	
53	1.002623e+00	9.737283e-01	
54	1.005245e+00	1.033146e+00	

Index   time            out1            
--------------------------------------------------------------------------------
55	1.010488e+00	1.015791e+00	
56	1.020973e+00	1.026211e+00	
57	1.041945e+00	1.018028e+00	
58	1.083888e+00	1.025308e+00	
59	1.167774e+00	1.018437e+00	
60	1.335546e+00	1.025110e+00	
61	1.535546e+00	1.018555e+00	
62	1.735546e+00	1.025001e+00	
63	1.935546e+00	1.018657e+00	
64	2.000000e+00	1.024805e+00	
65	2.000000e+00	1.024904e+00	
66	2.000000e+00	1.025041e+00	
67	2.000001e+00	1.024691e+00	
68	2.000001e+00	1.023340e+00	
69	2.000001e+00	1.022718e+00	
70	2.000001e+00	1.021458e+00	
71	2.000002e+00	1.018907e+00	
72	2.000002e+00	1.013826e+00	
73	2.000003e+00	1.003747e+00	
74	2.000006e+00	9.839145e-01	
75	2.000011e+00	9.454984e-01	
76	2.000021e+00	8.733265e-01	
77	2.000042e+00	7.456922e-01	
78	2.000083e+00	5.976154e-01	
79	2.000165e+00	4.948072e-01	
80	2.000329e+00	1.929388e-02	
81	2.000656e+00	1.062791e-02	
82	2.001312e+00	1.845709e-02	
83	2.002622e+00	1.092661e-02	
84	2.005244e+00	1.826437e-02	
85	2.010487e+00	1.099550e-02	
86	2.020972e+00	1.822194e-02	
87	2.041944e+00	1.101249e-02	
88	2.083887e+00	1.821135e-02	
89	2.167773e+00	1.101672e-02	
90	2.335545e+00	1.820870e-02	
91	2.535545e+00	1.101305e-02	
92	2.735545e+00	1.821453e-02	
93	2.935545e+00	1.101706e-02	
94	3.000001e+00	1.821178e-02	
95	3.000001e+00	1.808274e-02	
96	3.000001e+00	1.789175e-02	
97	3.000002e+00	1.778126e-02	
98	3.000002e+00	1.783147e-02	
99	3.000002e+00	1.797589e-02	
100	3.000002e+00	1.826426e-02	
101	3.000003e+00	1.883938e-02	
102	3.000003e+00	1.998544e-02	
103	3.000004e+00	2.226164e-02	
104	3.000007e+00	2.675664e-02	
105	3.000012e+00	3.555849e-02	
106	3.000022e+00	5.263009e-02	
107	3.000043e+00	8.542759e-02	
108	3.000084e+00	1.473246e-01	
109	3.000166e+00	2.590512e-01	
110	3.000330e+00	4.340261e-01	
111	3.000657e+00	5.628643e-01	
112	3.001313e+00	6.383677e-01	

Index   time            out1            
--------------------------------------------------------------------------------
113	3.002623e+00	9.730232e-01	
114	3.005245e+00	1.033309e+00	
115	3.010488e+00	1.015706e+00	
116	3.020973e+00	1.026275e+00	
117	3.041945e+00	1.017973e+00	
118	3.083888e+00	1.025357e+00	
119	3.167774e+00	1.018389e+00	
120	3.335546e+00	1.025158e+00	
121	3.535546e+00	1.018506e+00	
122	3.735546e+00	1.025047e+00	
123	3.935546e+00	1.018612e+00	
124	4.000000e+00	1.024847e+00	
125	4.000000e+00	1.024946e+00	
126	4.000000e+00	1.025083e+00	
127	4.000001e+00	1.024732e+00	
128	4.000001e+00	1.023382e+00	
129	4.000001e+00	1.022760e+00	
130	4.000001e+00	1.021499e+00	
131	4.000002e+00	1.018948e+00	
132	4.000002e+00	1.013867e+00	
133	4.000003e+00	1.003788e+00	
134	4.000006e+00	9.839544e-01	
135	4.000011e+00	9.455367e-01	
136	4.000021e+00	8.733616e-01	
137	4.000042e+00	7.457219e-01	
138	4.000083e+00	5.976190e-01	
139	4.000165e+00	4.948229e-01	
140	4.000329e+00	1.929605e-02	
141	4.000656e+00	1.062651e-02	
142	4.001312e+00	1.845885e-02	
143	4.002622e+00	1.092530e-02	
144	4.005244e+00	1.826601e-02	
145	4.010487e+00	1.099422e-02	
146	4.020972e+00	1.822357e-02	
147	4.041944e+00	1.101121e-02	
148	4.083887e+00	1.821297e-02	
149	4.167773e+00	1.101545e-02	
150	4.335545e+00	1.821032e-02	
151	4.535545e+00	1.101176e-02	
152	4.735545e+00	1.821617e-02	
153	4.935545e+00	1.101579e-02	
154	5.000001e+00	1.821342e-02	
155	5.000001e+00	1.808438e-02	
156	5.000001e+00	1.789337e-02	
157	5.000002e+00	1.778285e-02	
158	5.000002e+00	1.783306e-02	
159	5.000002e+00	1.797748e-02	
160	5.000002e+00	1.826584e-02	
161	5.000003e+00	1.884097e-02	
162	5.000003e+00	1.998702e-02	
163	5.000004e+00	2.226320e-02	
164	5.000007e+00	2.675818e-02	
165	5.000012e+00	3.555999e-02	
166	5.000022e+00	5.263153e-02	
167	5.000043e+00	8.542896e-02	
168	5.000084e+00	1.473259e-01	
169	5.000166e+00	2.590523e-01	
170	5.000330e+00	4.340266e-01	

Index   time            out1            
--------------------------------------------------------------------------------
171	5.000657e+00	5.628643e-01	
172	5.001313e+00	6.383678e-01	
173	5.002623e+00	9.730232e-01	
174	5.005245e+00	1.033309e+00	
175	5.010488e+00	1.015706e+00	
176	5.020973e+00	1.026275e+00	
177	5.041945e+00	1.017973e+00	
178	5.083888e+00	1.025357e+00	
179	5.167774e+00	1.018389e+00	
180	5.335546e+00	1.025158e+00	
181	5.535546e+00	1.018506e+00	
182	5.735546e+00	1.025047e+00	
183	5.935546e+00	1.018612e+00	
184	6.000000e+00	1.024847e+00	
185	6.000000e+00	1.024946e+00	
186	6.000000e+00	1.025083e+00	
187	6.000001e+00	1.024732e+00	
188	6.000001e+00	1.023382e+00	
189	6.000001e+00	1.022760e+00	
190	6.000001e+00	1.021499e+00	
191	6.000002e+00	1.018948e+00	
192	6.000002e+00	1.013867e+00	
193	6.000003e+00	1.003788e+00	
194	6.000006e+00	9.839544e-01	
195	6.000011e+00	9.455367e-01	
196	6.000021e+00	8.733616e-01	
197	6.000042e+00	7.457219e-01	
198	6.000083e+00	5.976190e-01	
199	6.000165e+00	4.948230e-01	
200	6.000329e+00	1.929609e-02	
201	6.000656e+00	1.062648e-02	
202	6.001312e+00	1.845888e-02	
203	6.002622e+00	1.092528e-02	
204	6.005244e+00	1.826604e-02	
205	6.010487e+00	1.099419e-02	
206	6.020972e+00	1.822360e-02	
207	6.041944e+00	1.101119e-02	
208	6.083887e+00	1.821300e-02	
209	6.167773e+00	1.101542e-02	
210	6.335545e+00	1.821036e-02	
211	6.535545e+00	1.101174e-02	
212	6.735545e+00	1.821621e-02	
213	6.935545e+00	1.101576e-02	
214	7.000001e+00	1.821346e-02	
215	7.000001e+00	1.808441e-02	
216	7.000001e+00	1.789340e-02	
217	7.000002e+00	1.778289e-02	
218	7.000002e+00	1.783309e-02	
219	7.000002e+00	1.797751e-02	
220	7.000002e+00	1.826588e-02	
221	7.000003e+00	1.884100e-02	
222	7.000003e+00	1.998705e-02	
223	7.000004e+00	2.226323e-02	
224	7.000007e+00	2.675821e-02	
225	7.000012e+00	3.556002e-02	
226	7.000022e+00	5.263156e-02	
227	7.000043e+00	8.542899e-02	
228	7.000084e+00	1.473259e-01	

Index   time            out1            
--------------------------------------------------------------------------------
229	7.000166e+00	2.590523e-01	
230	7.000330e+00	4.340267e-01	
231	7.000657e+00	5.628643e-01	
232	7.001313e+00	6.383678e-01	
233	7.002623e+00	9.730233e-01	
234	7.005245e+00	1.033309e+00	
235	7.010488e+00	1.015706e+00	
236	7.020973e+00	1.026275e+00	
237	7.041945e+00	1.017973e+00	
238	7.083888e+00	1.025357e+00	
239	7.167774e+00	1.018389e+00	
240	7.335546e+00	1.025158e+00	
241	7.535546e+00	1.018506e+00	
242	7.735546e+00	1.025047e+00	
243	7.935546e+00	1.018612e+00	
244	8.000000e+00	1.024847e+00	
245	8.000000e+00	1.024946e+00	
246	8.000000e+00	1.025083e+00	
247	8.000001e+00	1.024732e+00	
248	8.000001e+00	1.023382e+00	
249	8.000001e+00	1.022760e+00	
250	8.000001e+00	1.021499e+00	
251	8.000002e+00	1.018948e+00	
252	8.000002e+00	1.013867e+00	
253	8.000003e+00	1.003788e+00	
254	8.000006e+00	9.839544e-01	
255	8.000011e+00	9.455367e-01	
256	8.000021e+00	8.733616e-01	
257	8.000042e+00	7.457219e-01	
258	8.000083e+00	5.976190e-01	
259	8.000165e+00	4.948229e-01	
260	8.000329e+00	1.929605e-02	
261	8.000656e+00	1.062650e-02	
262	8.001312e+00	1.845885e-02	
263	8.002622e+00	1.092530e-02	
264	8.005244e+00	1.826602e-02	
265	8.010487e+00	1.099421e-02	
266	8.020972e+00	1.822357e-02	
267	8.041944e+00	1.101121e-02	
268	8.083887e+00	1.821298e-02	
269	8.167773e+00	1.101544e-02	
270	8.335545e+00	1.821033e-02	
271	8.535545e+00	1.101176e-02	
272	8.735545e+00	1.821618e-02	
273	8.935545e+00	1.101578e-02	
274	9.000001e+00	1.821343e-02	
275	9.000001e+00	1.808438e-02	
276	9.000001e+00	1.789337e-02	
277	9.000002e+00	1.778286e-02	
278	9.000002e+00	1.783306e-02	
279	9.000002e+00	1.797748e-02	
280	9.000002e+00	1.826585e-02	
281	9.000003e+00	1.884097e-02	
282	9.000003e+00	1.998702e-02	
283	9.000004e+00	2.226321e-02	
284	9.000007e+00	2.675818e-02	
285	9.000012e+00	3.555999e-02	
286	9.000022e+00	5.263154e-02	

Index   time            out1            
--------------------------------------------------------------------------------
287	9.000043e+00	8.542897e-02	
288	9.000084e+00	1.473259e-01	
289	9.000166e+00	2.590523e-01	
290	9.000330e+00	4.340266e-01	
291	9.000657e+00	5.628643e-01	
292	9.001313e+00	6.383678e-01	
293	9.002623e+00	9.730233e-01	
294	9.005245e+00	1.033309e+00	
295	9.010488e+00	1.015706e+00	
296	9.020973e+00	1.026275e+00	
297	9.041945e+00	1.017973e+00	
298	9.083888e+00	1.025357e+00	
299	9.167774e+00	1.018389e+00	
300	9.335546e+00	1.025158e+00	
301	9.535546e+00	1.018506e+00	
302	9.735546e+00	1.025047e+00	
303	9.935546e+00	1.018612e+00	
304	1.000000e+01	1.024847e+00	
